,measured,+1h-prediction,+2h-prediction,+3h-prediction,+4h-prediction,+5h-prediction,+6h-prediction,+7h-prediction,+8h-prediction
measured,1.0,0.9967906308894637,0.9957780422060742,0.9956647696114715,0.9955859099467614,0.9955222269243824,0.9954859372131112,0.9954686523016825,0.9954513625863206
+1h-prediction,0.9967906308894637,1.0,0.9987787501195289,0.9983864730162711,0.9983418648251523,0.9983115917733234,0.9982865976681944,0.99827381757936,0.9982661708708984
+2h-prediction,0.9957780422060742,0.9987787501195289,1.0,0.9995337966027867,0.9993852843438847,0.9993689696946021,0.9993565234579445,0.9993463169338921,0.9993406395570814
+3h-prediction,0.9956647696114715,0.9983864730162711,0.9995337966027867,1.0,0.9998282934602095,0.9997728065625618,0.9997657109789554,0.999759880132733,0.9997548496128418
+4h-prediction,0.9955859099467614,0.9983418648251523,0.9993852843438847,0.9998282934602095,1.0,0.999937293838987,0.9999165653546056,0.9999122956492701,0.999908945558936
+5h-prediction,0.9955222269243824,0.9983115917733234,0.9993689696946021,0.9997728065625618,0.999937293838987,1.0,0.9999772964865153,0.9999687640343166,0.9999660523315529
+6h-prediction,0.9954859372131112,0.9982865976681944,0.9993565234579445,0.9997657109789554,0.9999165653546056,0.9999772964865153,1.0,0.999992681998981,0.9999889562714046
+7h-prediction,0.9954686523016825,0.99827381757936,0.9993463169338921,0.999759880132733,0.9999122956492701,0.9999687640343166,0.999992681998981,1.0,0.9999975991858899
+8h-prediction,0.9954513625863206,0.9982661708708984,0.9993406395570814,0.9997548496128418,0.999908945558936,0.9999660523315529,0.9999889562714046,0.9999975991858899,1.0
