,measured,+1h-prediction,+2h-prediction,+3h-prediction,+4h-prediction,+5h-prediction,+6h-prediction,+7h-prediction,+8h-prediction
measured,1.0,0.9956823154246983,0.9952593115765483,0.9951877363893258,0.995198682722497,0.9951949768797084,0.9952065810710775,0.9952075776531206,0.9951830923335705
+1h-prediction,0.9956823154246983,1.0,0.9999153576670057,0.9998766941258571,0.9998741225718755,0.9998683215469943,0.999866886395903,0.9998639331720246,0.9998553532212162
+2h-prediction,0.9952593115765483,0.9999153576670057,1.0,0.9999839835197327,0.9999815327318888,0.9999766632652883,0.9999746515511125,0.9999720788113989,0.9999664771564526
+3h-prediction,0.9951877363893258,0.9998766941258571,0.9999839835197327,1.0,0.9999986751847537,0.9999944078909615,0.999992733570848,0.9999908288282726,0.9999867170812786
+4h-prediction,0.995198682722497,0.9998741225718755,0.9999815327318888,0.9999986751847537,1.0,0.9999969102988328,0.9999958748887782,0.9999945245928407,0.999990753742071
+5h-prediction,0.9951949768797084,0.9998683215469943,0.9999766632652883,0.9999944078909615,0.9999969102988328,1.0,0.9999989959246219,0.999998216768317,0.9999954838363241
+6h-prediction,0.9952065810710775,0.999866886395903,0.9999746515511125,0.999992733570848,0.9999958748887782,0.9999989959246219,1.0,0.999999411448263,0.9999969507247534
+7h-prediction,0.9952075776531206,0.9998639331720246,0.9999720788113989,0.9999908288282726,0.9999945245928407,0.999998216768317,0.999999411448263,1.0,0.9999981903407281
+8h-prediction,0.9951830923335705,0.9998553532212162,0.9999664771564526,0.9999867170812786,0.999990753742071,0.9999954838363241,0.9999969507247534,0.9999981903407281,1.0
