,measured,+1h-prediction,+2h-prediction,+3h-prediction,+4h-prediction,+5h-prediction,+6h-prediction,+7h-prediction,+8h-prediction
measured,1.0,0.9958174525499558,0.9954420421949404,0.9953519292568488,0.9953433978292009,0.9953165600881936,0.9953197613679682,0.9953123030710009,0.9952742499068776
+1h-prediction,0.9958174525499558,1.0,0.9999347348175373,0.9998998426272165,0.9998951268392402,0.9998874426212265,0.9998853179446339,0.9998813458769723,0.9998712036275663
+2h-prediction,0.9954420421949404,0.9999347348175373,1.0,0.9999851396903123,0.9999817036799666,0.9999763073410074,0.9999746058393166,0.9999716927598178,0.99996464198446
+3h-prediction,0.9953519292568488,0.9998998426272165,0.9999851396903123,1.0,0.99999884430909,0.9999950772184449,0.9999938297340032,0.9999919738806792,0.9999867129719936
+4h-prediction,0.9953433978292009,0.9998951268392402,0.9999817036799666,0.99999884430909,1.0,0.999996964424236,0.9999961855032664,0.9999948215190906,0.9999901205330531
+5h-prediction,0.9953165600881936,0.9998874426212265,0.9999763073410074,0.9999950772184449,0.999996964424236,1.0,0.9999993385955984,0.9999985554892492,0.9999950624046621
+6h-prediction,0.9953197613679682,0.9998853179446339,0.9999746058393166,0.9999938297340032,0.9999961855032664,0.9999993385955984,1.0,0.9999993673529693,0.9999962167502017
+7h-prediction,0.9953123030710009,0.9998813458769723,0.9999716927598178,0.9999919738806792,0.9999948215190906,0.9999985554892492,0.9999993673529693,1.0,0.9999977052793162
+8h-prediction,0.9952742499068776,0.9998712036275663,0.99996464198446,0.9999867129719936,0.9999901205330531,0.9999950624046621,0.9999962167502017,0.9999977052793162,1.0
