,measured,+1h-prediction,+2h-prediction,+3h-prediction,+4h-prediction,+5h-prediction,+6h-prediction,+7h-prediction,+8h-prediction
measured,1.0,0.9964551254120778,0.995370959661911,0.995225403506123,0.9951697816531413,0.995148954694774,0.9951234683178283,0.9951040532502267,0.9950856469751994
+1h-prediction,0.9964551254120778,1.0,0.9987634369947668,0.9983956081302612,0.9983259096326622,0.9982968876217944,0.9982861055805218,0.9982783020226204,0.9982716179083791
+2h-prediction,0.995370959661911,0.9987634369947668,1.0,0.9995864165507938,0.9994453552391167,0.9994188942172747,0.9994049524482216,0.9993992572739591,0.9993950899601726
+3h-prediction,0.995225403506123,0.9983956081302612,0.9995864165507938,1.0,0.999859985812426,0.9998122324432669,0.9997991391228453,0.9997917669393097,0.999787465984668
+4h-prediction,0.9951697816531413,0.9983259096326622,0.9994453552391167,0.999859985812426,1.0,0.9999534496676308,0.9999335966214097,0.9999262530641533,0.9999217449764007
+5h-prediction,0.995148954694774,0.9982968876217944,0.9994188942172747,0.9998122324432669,0.9999534496676308,1.0,0.9999853616890615,0.9999774850912885,0.999973676560713
+6h-prediction,0.9951234683178283,0.9982861055805218,0.9994049524482216,0.9997991391228453,0.9999335966214097,0.9999853616890615,1.0,0.9999956966199027,0.999992712972241
+7h-prediction,0.9951040532502267,0.9982783020226204,0.9993992572739591,0.9997917669393097,0.9999262530641533,0.9999774850912885,0.9999956966199027,1.0,0.9999985510999478
+8h-prediction,0.9950856469751994,0.9982716179083791,0.9993950899601726,0.999787465984668,0.9999217449764007,0.999973676560713,0.999992712972241,0.9999985510999478,1.0
