,measured,+1h-prediction,+2h-prediction,+3h-prediction,+4h-prediction,+5h-prediction,+6h-prediction,+7h-prediction,+8h-prediction
measured,1.0,0.9957134101509914,0.9952945840493763,0.9952004714063984,0.9951805888677827,0.9951439822888103,0.9951367972202022,0.9951179597365655,0.9950575969535178
+1h-prediction,0.9957134101509914,1.0,0.9999392291740267,0.9998992389929516,0.9998920765683302,0.9998826232238408,0.9998795436328277,0.9998732828402875,0.9998593551051467
+2h-prediction,0.9952945840493763,0.9999392291740267,1.0,0.999984527853415,0.9999803002938106,0.9999736647084682,0.9999717515495536,0.99996749558971,0.9999584662705799
+3h-prediction,0.9952004714063984,0.9998992389929516,0.999984527853415,1.0,0.9999982875054095,0.9999934262473271,0.9999921285541019,0.9999894261123683,0.9999826849363493
+4h-prediction,0.9951805888677827,0.9998920765683302,0.9999803002938106,0.9999982875054095,1.0,0.9999964166055233,0.9999955593114148,0.9999935037841228,0.9999877907053263
+5h-prediction,0.9951439822888103,0.9998826232238408,0.9999736647084682,0.9999934262473271,0.9999964166055233,1.0,0.9999994174646377,0.999998199249618,0.9999938070233781
+6h-prediction,0.9951367972202022,0.9998795436328277,0.9999717515495536,0.9999921285541019,0.9999955593114148,0.9999994174646377,1.0,0.999999208915548,0.9999954108054045
+7h-prediction,0.9951179597365655,0.9998732828402875,0.99996749558971,0.9999894261123683,0.9999935037841228,0.999998199249618,0.999999208915548,1.0,0.9999974889145659
+8h-prediction,0.9950575969535178,0.9998593551051467,0.9999584662705799,0.9999826849363493,0.9999877907053263,0.9999938070233781,0.9999954108054045,0.9999974889145659,1.0
