,measured,+1h-prediction,+2h-prediction,+3h-prediction,+4h-prediction,+5h-prediction,+6h-prediction,+7h-prediction,+8h-prediction
measured,1.0,0.9967441505000559,0.9955996336599171,0.9954235724052907,0.9953216229365133,0.9952683394749094,0.9952312490176088,0.9952048145052811,0.9951848475980223
+1h-prediction,0.9967441505000559,1.0,0.998714604740547,0.9982523694153542,0.9981646524490246,0.9981122876885908,0.9980812996986251,0.9980622372567758,0.998047531900214
+2h-prediction,0.9955996336599171,0.998714604740547,1.0,0.9994904270177396,0.9993035999812185,0.9992617497138127,0.9992353729045244,0.9992201792261707,0.9992096318908934
+3h-prediction,0.9954235724052907,0.9982523694153542,0.9994904270177396,1.0,0.9998054939793327,0.9997307440411263,0.9997118978752777,0.9996998433741516,0.9996919717955022
+4h-prediction,0.9953216229365133,0.9981646524490246,0.9993035999812185,0.9998054939793327,1.0,0.9999258541290393,0.9998954303804787,0.9998861620248121,0.9998796224612568
+5h-prediction,0.9952683394749094,0.9981122876885908,0.9992617497138127,0.9997307440411263,0.9999258541290393,1.0,0.9999708140492831,0.9999570736237359,0.9999516820402155
+6h-prediction,0.9952312490176088,0.9980812996986251,0.9992353729045244,0.9997118978752777,0.9998954303804787,0.9999708140492831,1.0,0.9999892530567723,0.9999831871999626
+7h-prediction,0.9952048145052811,0.9980622372567758,0.9992201792261707,0.9996998433741516,0.9998861620248121,0.9999570736237359,0.9999892530567723,1.0,0.9999960989548526
+8h-prediction,0.9951848475980223,0.998047531900214,0.9992096318908934,0.9996919717955022,0.9998796224612568,0.9999516820402155,0.9999831871999626,0.9999960989548526,1.0
