,measured,+1h-prediction,+2h-prediction,+3h-prediction,+4h-prediction,+5h-prediction,+6h-prediction,+7h-prediction,+8h-prediction
measured,1.0,0.9959230033603497,0.995554295279056,0.9954782257835887,0.9954703650141788,0.9954487917927176,0.9954557008004542,0.9954504001619264,0.9954222805946109
+1h-prediction,0.9959230033603497,1.0,0.9999310268240463,0.9998965082031034,0.9998919699828007,0.9998844293379169,0.9998826432997078,0.9998788996031337,0.9998692772706206
+2h-prediction,0.995554295279056,0.9999310268240463,1.0,0.9999850759229296,0.9999820652627809,0.9999766095351045,0.9999747716411551,0.9999717949973609,0.9999650033217705
+3h-prediction,0.9954782257835887,0.9998965082031034,0.9999850759229296,1.0,0.9999988246025461,0.9999946931710796,0.9999933916628208,0.9999913635557176,0.9999860386942094
+4h-prediction,0.9954703650141788,0.9998919699828007,0.9999820652627809,0.9999988246025461,1.0,0.9999968753365717,0.9999960614905166,0.9999946123298417,0.9999899142767016
+5h-prediction,0.9954487917927176,0.9998844293379169,0.9999766095351045,0.9999946931710796,0.9999968753365717,1.0,0.9999992344544837,0.9999984339969864,0.9999949663204716
+6h-prediction,0.9954557008004542,0.9998826432997078,0.9999747716411551,0.9999933916628208,0.9999960614905166,0.9999992344544837,1.0,0.9999993974339879,0.9999963016370671
+7h-prediction,0.9954504001619264,0.9998788996031337,0.9999717949973609,0.9999913635557176,0.9999946123298417,0.9999984339969864,0.9999993974339879,1.0,0.9999977017464101
+8h-prediction,0.9954222805946109,0.9998692772706206,0.9999650033217705,0.9999860386942094,0.9999899142767016,0.9999949663204716,0.9999963016370671,0.9999977017464101,1.0
