,measured,+1h-prediction,+2h-prediction,+3h-prediction,+4h-prediction,+5h-prediction,+6h-prediction,+7h-prediction,+8h-prediction
measured,1.0,0.9967632819782786,0.9956734037663895,0.9955377602872203,0.9954638583614621,0.9954039948092932,0.9953721600351566,0.9953609150335511,0.9953473044318194
+1h-prediction,0.9967632819782786,1.0,0.9987625154409898,0.9983393053819617,0.9982826757192608,0.99825312358366,0.9982275410775687,0.99821532620326,0.9982088595252074
+2h-prediction,0.9956734037663895,0.9987625154409898,1.0,0.999521943381985,0.9993593312055146,0.9993377122420859,0.9993238206354088,0.9993127557618854,0.9993064668570797
+3h-prediction,0.9955377602872203,0.9983393053819617,0.999521943381985,1.0,0.9998219810451596,0.9997620353744531,0.9997521112347677,0.9997455550650068,0.999739723310974
+4h-prediction,0.9954638583614621,0.9982826757192608,0.9993593312055146,0.9998219810451596,1.0,0.999934987531813,0.9999114703371481,0.9999062757305279,0.9999022838492346
+5h-prediction,0.9954039948092932,0.99825312358366,0.9993377122420859,0.9997620353744531,0.999934987531813,1.0,0.9999755775828979,0.9999662496569752,0.9999628085140599
+6h-prediction,0.9953721600351566,0.9982275410775687,0.9993238206354088,0.9997521112347677,0.9999114703371481,0.9999755775828979,1.0,0.9999917312262031,0.9999873346324742
+7h-prediction,0.9953609150335511,0.99821532620326,0.9993127557618854,0.9997455550650068,0.9999062757305279,0.9999662496569752,0.9999917312262031,1.0,0.999997219014164
+8h-prediction,0.9953473044318194,0.9982088595252074,0.9993064668570797,0.999739723310974,0.9999022838492346,0.9999628085140599,0.9999873346324742,0.999997219014164,1.0
