,measured,+1h-prediction,+2h-prediction,+3h-prediction,+4h-prediction,+5h-prediction,+6h-prediction,+7h-prediction,+8h-prediction
measured,1.0,0.995714297817047,0.9953022749201806,0.9951914050319111,0.9951784213057012,0.9951482683068682,0.995145920482412,0.9951345188518228,0.9950847255110682
+1h-prediction,0.995714297817047,1.0,0.999936125816471,0.9998969713762886,0.9998919164839362,0.9998822762943654,0.9998800231584941,0.9998746216573436,0.9998620403877702
+2h-prediction,0.9953022749201806,0.999936125816471,1.0,0.999984043635758,0.9999803666433627,0.9999737222041037,0.9999720614596704,0.9999683344869144,0.999959799376446
+3h-prediction,0.9951914050319111,0.9998969713762886,0.999984043635758,1.0,0.9999987274709454,0.9999943404322803,0.9999932347398331,0.9999908962840157,0.9999846350804976
+4h-prediction,0.9951784213057012,0.9998919164839362,0.9999803666433627,0.9999987274709454,1.0,0.9999967222340397,0.9999959768958072,0.9999942077582835,0.9999887246109675
+5h-prediction,0.9951482683068682,0.9998822762943654,0.9999737222041037,0.9999943404322803,0.9999967222340397,1.0,0.9999994240662506,0.99999846235892,0.9999943642158639
+6h-prediction,0.995145920482412,0.9998800231584941,0.9999720614596704,0.9999932347398331,0.9999959768958072,0.9999994240662506,1.0,0.9999992376644641,0.9999955407236727
+7h-prediction,0.9951345188518228,0.9998746216573436,0.9999683344869144,0.9999908962840157,0.9999942077582835,0.99999846235892,0.9999992376644641,1.0,0.9999973957024251
+8h-prediction,0.9950847255110682,0.9998620403877702,0.999959799376446,0.9999846350804976,0.9999887246109675,0.9999943642158639,0.9999955407236727,0.9999973957024251,1.0
