,measured,+1h-prediction,+2h-prediction,+3h-prediction,+4h-prediction,+5h-prediction,+6h-prediction,+7h-prediction,+8h-prediction
measured,1.0,0.9965330875496198,0.9954596088526084,0.9953242461571905,0.9952713720988058,0.9952420399251823,0.9952094934956548,0.9951842447440588,0.9951642579755605
+1h-prediction,0.9965330875496198,1.0,0.9987544085263597,0.99836315125878,0.9983119601638726,0.9982900315876369,0.9982766133651713,0.9982654284762362,0.9982564005771964
+2h-prediction,0.9954596088526084,0.9987544085263597,1.0,0.9995543407947121,0.9994063448324808,0.9993895745346107,0.9993773690362701,0.9993710166834952,0.999366566258477
+3h-prediction,0.9953242461571905,0.99836315125878,0.9995543407947121,1.0,0.9998419891864989,0.9997922697657635,0.9997815679834982,0.9997750034186094,0.9997713534023664
+4h-prediction,0.9952713720988058,0.9983119601638726,0.9994063448324808,0.9998419891864989,1.0,0.999947014617171,0.9999251652999674,0.9999189022420623,0.9999151525614253
+5h-prediction,0.9952420399251823,0.9982900315876369,0.9993895745346107,0.9997922697657635,0.999947014617171,1.0,0.9999833606532182,0.999975729681249,0.9999724767240334
+6h-prediction,0.9952094934956548,0.9982766133651713,0.9993773690362701,0.9997815679834982,0.9999251652999674,0.9999833606532182,1.0,0.999994857591927,0.9999917684146968
+7h-prediction,0.9951842447440588,0.9982654284762362,0.9993710166834952,0.9997750034186094,0.9999189022420623,0.999975729681249,0.999994857591927,1.0,0.9999983024169605
+8h-prediction,0.9951642579755605,0.9982564005771964,0.999366566258477,0.9997713534023664,0.9999151525614253,0.9999724767240334,0.9999917684146968,0.9999983024169605,1.0
