,measured,+1h-prediction,+2h-prediction,+3h-prediction,+4h-prediction,+5h-prediction,+6h-prediction,+7h-prediction,+8h-prediction
measured,1.0,0.9957121332520109,0.9953014229396235,0.9952042322758851,0.9951899751314321,0.9951548902847299,0.9951515386413797,0.9951358033996008,0.9950808663953588
+1h-prediction,0.9957121332520109,1.0,0.999938851541634,0.9998990158830515,0.999893429242663,0.9998841845727661,0.9998817127417008,0.9998759039147735,0.9998629856739931
+2h-prediction,0.9953014229396235,0.999938851541634,1.0,0.9999835637183235,0.9999797514514681,0.9999732689987294,0.9999716953224743,0.9999676987037217,0.999959095499312
+3h-prediction,0.9952042322758851,0.9998990158830515,0.9999835637183235,1.0,0.9999986621657578,0.9999941056931182,0.9999932341169271,0.9999907308787204,0.999984423105969
+4h-prediction,0.9951899751314321,0.999893429242663,0.9999797514514681,0.9999986621657578,1.0,0.9999964262708515,0.9999959542235565,0.9999940163305676,0.9999885075254212
+5h-prediction,0.9951548902847299,0.9998841845727661,0.9999732689987294,0.9999941056931182,0.9999964262708515,1.0,0.9999994543550589,0.999998352920042,0.9999942553437391
+6h-prediction,0.9951515386413797,0.9998817127417008,0.9999716953224743,0.9999932341169271,0.9999959542235565,0.9999994543550589,1.0,0.9999991722835216,0.9999955278150419
+7h-prediction,0.9951358033996008,0.9998759039147735,0.9999676987037217,0.9999907308787204,0.9999940163305676,0.999998352920042,0.9999991722835216,1.0,0.9999975188639202
+8h-prediction,0.9950808663953588,0.9998629856739931,0.999959095499312,0.999984423105969,0.9999885075254212,0.9999942553437391,0.9999955278150419,0.9999975188639202,1.0
