,measured,+1h-prediction,+2h-prediction,+3h-prediction,+4h-prediction,+5h-prediction,+6h-prediction,+7h-prediction,+8h-prediction
measured,1.0,0.9963702847186355,0.9952797044361664,0.9951548091588511,0.9951106766839116,0.9950920866041356,0.9950684088765909,0.9950453396556813,0.9950260676669717
+1h-prediction,0.9963702847186355,1.0,0.9987163771083709,0.9983580544134392,0.9983068179312327,0.9982869161826842,0.9982780477365742,0.9982709263896454,0.9982640347329701
+2h-prediction,0.9952797044361664,0.9987163771083709,1.0,0.9995502413148876,0.9994123065508642,0.9993944364047067,0.9993837088776427,0.9993788063887247,0.9993755935026705
+3h-prediction,0.9951548091588511,0.9983580544134392,0.9995502413148876,1.0,0.9998469734962696,0.9998006874409591,0.9997903031915033,0.9997840614688989,0.9997806505975616
+4h-prediction,0.9951106766839116,0.9983068179312327,0.9994123065508642,0.9998469734962696,1.0,0.9999496663724217,0.9999302633452969,0.9999237279947486,0.9999199397667295
+5h-prediction,0.9950920866041356,0.9982869161826842,0.9993944364047067,0.9998006874409591,0.9999496663724217,1.0,0.9999844657441952,0.9999767840744311,0.9999734030518408
+6h-prediction,0.9950684088765909,0.9982780477365742,0.9993837088776427,0.9997903031915033,0.9999302633452969,0.9999844657441952,1.0,0.9999954494758398,0.9999926439571871
+7h-prediction,0.9950453396556813,0.9982709263896454,0.9993788063887247,0.9997840614688989,0.9999237279947486,0.9999767840744311,0.9999954494758398,1.0,0.9999985045094385
+8h-prediction,0.9950260676669717,0.9982640347329701,0.9993755935026705,0.9997806505975616,0.9999199397667295,0.9999734030518408,0.9999926439571871,0.9999985045094385,1.0
