,measured,+1h-prediction,+2h-prediction,+3h-prediction,+4h-prediction,+5h-prediction,+6h-prediction,+7h-prediction,+8h-prediction
measured,1.0,0.9940275898501433,0.9933209341110161,0.9931167470017164,0.9930759593379112,0.9930130491952618,0.9930203204818546,0.9930098912935057,0.9929260316922487
+1h-prediction,0.9940275898501433,1.0,0.9999046961363207,0.999848665695459,0.9998330734304112,0.9998162583499959,0.9998139701114112,0.9998072152676929,0.9997852747290007
+2h-prediction,0.9933209341110161,0.9999046961363207,1.0,0.9999809908929878,0.9999736191800914,0.9999624078338968,0.9999597726143326,0.9999540630013148,0.9999392511821859
+3h-prediction,0.9931167470017164,0.999848665695459,0.9999809908929878,1.0,0.9999976011383682,0.9999902251452782,0.999988276691089,0.9999842467863792,0.9999735661383069
+4h-prediction,0.9930759593379112,0.9998330734304112,0.9999736191800914,0.9999976011383682,1.0,0.9999952680057711,0.9999938729275214,0.9999908682263491,0.9999820597643589
+5h-prediction,0.9930130491952618,0.9998162583499959,0.9999624078338968,0.9999902251452782,0.9999952680057711,1.0,0.9999991646696531,0.9999972040641918,0.9999908187184803
+6h-prediction,0.9930203204818546,0.9998139701114112,0.9999597726143326,0.999988276691089,0.9999938729275214,0.9999991646696531,1.0,0.9999987849729071,0.9999932086847505
+7h-prediction,0.9930098912935057,0.9998072152676929,0.9999540630013148,0.9999842467863792,0.9999908682263491,0.9999972040641918,0.9999987849729071,1.0,0.9999958955986205
+8h-prediction,0.9929260316922487,0.9997852747290007,0.9999392511821859,0.9999735661383069,0.9999820597643589,0.9999908187184803,0.9999932086847505,0.9999958955986205,1.0
