,measured,+1h-prediction,+2h-prediction,+3h-prediction,+4h-prediction,+5h-prediction,+6h-prediction,+7h-prediction,+8h-prediction
measured,1.0,0.9957883247013812,0.9954086522865427,0.9953123266870633,0.9953035561987228,0.9952744122364576,0.9952757136069794,0.995267405519755,0.9952226000630965
+1h-prediction,0.9957883247013812,1.0,0.9999369711971263,0.9999011623452895,0.9998964910861273,0.9998880507945954,0.9998859927055944,0.9998814866822633,0.9998698007872227
+2h-prediction,0.9954086522865427,0.9999369711971263,1.0,0.9999848197916801,0.999981474313034,0.9999756871433281,0.9999740069168807,0.999970733116526,0.9999627971713738
+3h-prediction,0.9953123266870633,0.9999011623452895,0.9999848197916801,1.0,0.9999988530688062,0.9999948932742332,0.9999937456577263,0.9999916552409696,0.9999857958042047
+4h-prediction,0.9953035561987228,0.9998964910861273,0.999981474313034,0.9999988530688062,1.0,0.9999966535869074,0.9999958867417265,0.9999942889513603,0.9999890760336748
+5h-prediction,0.9952744122364576,0.9998880507945954,0.9999756871433281,0.9999948932742332,0.9999966535869074,1.0,0.9999994626380074,0.9999985038458116,0.9999946496387085
+6h-prediction,0.9952757136069794,0.9998859927055944,0.9999740069168807,0.9999937456577263,0.9999958867417265,0.9999994626380074,1.0,0.9999992936473936,0.999995927320679
+7h-prediction,0.995267405519755,0.9998814866822633,0.999970733116526,0.9999916552409696,0.9999942889513603,0.9999985038458116,0.9999992936473936,1.0,0.9999976255310306
+8h-prediction,0.9952226000630965,0.9998698007872227,0.9999627971713738,0.9999857958042047,0.9999890760336748,0.9999946496387085,0.999995927320679,0.9999976255310306,1.0
