,measured,+1h-prediction,+2h-prediction,+3h-prediction,+4h-prediction,+5h-prediction,+6h-prediction,+7h-prediction,+8h-prediction
measured,1.0,0.9957867772147542,0.9953853687539476,0.995282660653532,0.995267889284945,0.9952368926963039,0.9952352632251161,0.9952226785756451,0.995170624068285
+1h-prediction,0.9957867772147542,1.0,0.9999380769622215,0.9998993732014125,0.9998939169838904,0.9998850463927738,0.9998827214111079,0.9998777261300333,0.9998653081710798
+2h-prediction,0.9953853687539476,0.9999380769622215,1.0,0.9999840048629789,0.9999800510686021,0.999973472481766,0.9999718311812354,0.9999681422355073,0.9999596301931386
+3h-prediction,0.995282660653532,0.9998993732014125,0.9999840048629789,1.0,0.9999986725795368,0.9999941998728339,0.9999932067123984,0.9999908722037257,0.9999845290216473
+4h-prediction,0.995267889284945,0.9998939169838904,0.9999800510686021,0.9999986725795368,1.0,0.9999964994868542,0.9999959089168939,0.9999941637919759,0.999988678521524
+5h-prediction,0.9952368926963039,0.9998850463927738,0.999973472481766,0.9999941998728339,0.9999964994868542,1.0,0.999999445999342,0.999998426167308,0.9999943972349917
+6h-prediction,0.9952352632251161,0.9998827214111079,0.9999718311812354,0.9999932067123984,0.9999959089168939,0.999999445999342,1.0,0.9999992550335854,0.9999956708285106
+7h-prediction,0.9952226785756451,0.9998777261300333,0.9999681422355073,0.9999908722037257,0.9999941637919759,0.999998426167308,0.9999992550335854,1.0,0.9999974918360368
+8h-prediction,0.995170624068285,0.9998653081710798,0.9999596301931386,0.9999845290216473,0.999988678521524,0.9999943972349917,0.9999956708285106,0.9999974918360368,1.0
