,measured,+1h-prediction,+2h-prediction,+3h-prediction,+4h-prediction,+5h-prediction,+6h-prediction,+7h-prediction,+8h-prediction
measured,1.0,0.9967565259464107,0.99571133921814,0.9955480438850695,0.9954539396899599,0.9953892028740747,0.9953537348696339,0.9953403024496363,0.9953281449752532
+1h-prediction,0.9967565259464107,1.0,0.9987912109440621,0.998379586668422,0.9983172894050302,0.9982823788408257,0.9982595601477673,0.9982473041305492,0.9982418230793192
+2h-prediction,0.99571133921814,0.9987912109440621,1.0,0.9995542711336382,0.9994018277181116,0.9993809754817273,0.999367266977386,0.9993578543008169,0.9993529207604531
+3h-prediction,0.9955480438850695,0.998379586668422,0.9995542711336382,1.0,0.999839180811903,0.9997849014371235,0.9997748262648422,0.9997681406897349,0.9997636891274425
+4h-prediction,0.9954539396899599,0.9983172894050302,0.9994018277181116,0.999839180811903,1.0,0.9999447749461877,0.9999228129216283,0.9999170304798766,0.9999135225608895
+5h-prediction,0.9953892028740747,0.9982823788408257,0.9993809754817273,0.9997849014371235,0.9999447749461877,1.0,0.9999816752225513,0.9999733805732733,0.9999703853002514
+6h-prediction,0.9953537348696339,0.9982595601477673,0.999367266977386,0.9997748262648422,0.9999228129216283,0.9999816752225513,1.0,0.999994270398366,0.999991064002577
+7h-prediction,0.9953403024496363,0.9982473041305492,0.9993578543008169,0.9997681406897349,0.9999170304798766,0.9999733805732733,0.999994270398366,1.0,0.9999981347851229
+8h-prediction,0.9953281449752532,0.9982418230793192,0.9993529207604531,0.9997636891274425,0.9999135225608895,0.9999703853002514,0.999991064002577,0.9999981347851229,1.0
