,measured,+1h-prediction,+2h-prediction,+3h-prediction,+4h-prediction,+5h-prediction,+6h-prediction,+7h-prediction,+8h-prediction
measured,1.0,0.9956880921364661,0.9952707429537495,0.995175467892424,0.9951604873178715,0.9951252105471615,0.9951216003728665,0.9951045075968339,0.9950434331394703
+1h-prediction,0.9956880921364661,1.0,0.9999390894674806,0.9998992428262419,0.9998933450021482,0.9998842658263793,0.9998817162464373,0.9998756094250806,0.9998617128609124
+2h-prediction,0.9952707429537495,0.9999390894674806,1.0,0.9999842240573421,0.9999800434028328,0.9999736716184702,0.9999719742060094,0.9999679604392308,0.9999590388632094
+3h-prediction,0.995175467892424,0.9998992428262419,0.9999842240573421,1.0,0.9999982739069949,0.9999935333752606,0.999992523749333,0.9999900425224507,0.9999836740157834
+4h-prediction,0.9951604873178715,0.9998933450021482,0.9999800434028328,0.9999982739069949,1.0,0.9999965228900833,0.9999959076851509,0.9999940073534922,0.9999884715297419
+5h-prediction,0.9951252105471615,0.9998842658263793,0.9999736716184702,0.9999935333752606,0.9999965228900833,1.0,0.9999993954389648,0.9999983022790672,0.9999940412794943
+6h-prediction,0.9951216003728665,0.9998817162464373,0.9999719742060094,0.999992523749333,0.9999959076851509,0.9999993954389648,1.0,0.9999992158568853,0.9999954315169334
+7h-prediction,0.9951045075968339,0.9998756094250806,0.9999679604392308,0.9999900425224507,0.9999940073534922,0.9999983022790672,0.9999992158568853,1.0,0.9999974292095628
+8h-prediction,0.9950434331394703,0.9998617128609124,0.9999590388632094,0.9999836740157834,0.9999884715297419,0.9999940412794943,0.9999954315169334,0.9999974292095628,1.0
